# Created by Octave 7.3.0, Sun May 14 13:31:39 2023 GMT <unknown@DESKTOP-P4SCB2V>
# name: A
# type: matrix
# rows: 2
# columns: 1
 4
 5


# name: B
# type: matrix
# rows: 2
# columns: 1
 5
 4


# name: J
# type: scalar
303.99319222026429


# name: X
# type: matrix
# rows: 12
# columns: 1
 -15.936758133785411
 -29.152979217238133
 36.189548626662528
 37.492187331995133
 -48.058829452570066
 -8.941457938049755
 15.307792889226079
 -34.706265811322488
 1.3891543686358903
 -44.383759851686918
 7.0135020824041119
 22.762748919711303


# name: X_poly
# type: matrix
# rows: 12
# columns: 9
 1 -0.36214077554124974 -0.75508668849796479 0.18222587629837164 -0.70618990800851056 0.30661791722746912 -0.5908776729559333 0.34451579706053137 -0.50848116508608521
 1 -0.80320484470222897 0.0012582526585592508 -0.24793699140162295 -0.32702341977990323 0.09339631866080407 -0.43581760634161093 0.25541611554264121 -0.44891249308948095
 1 1.3774670007604348 0.58482671511300888 1.2497685638179841 0.24531197410209168 0.97835969590555971 -0.012155697630857089 0.75656848366298546 -0.17035211374866302
 1 1.4209398758275706 0.70664675392490106 1.3598455937369738 0.39553403842322227 1.1061617776984707 0.12563713483254613 0.87192908129193591 -0.059637692981224268
 1 -1.4341485299727454 1.8539998188415008 -2.0371630828142928 2.3314313340360333 -2.4115362637000852 2.602211953688403 -2.6456745086420268 2.7660852509235343
 1 -0.1286870863322529 -0.97596877589044573 0.25138507508027413 -0.73968686941445794 0.31695292847647971 -0.59499662973634104 0.34581181232834518 -0.5089553483781416
 1 0.68058155229355777 -0.78002895079679246 0.34065573762211704 -0.71172111545152417 0.32650913106547313 -0.59179017852481808 0.34682999623144456 -0.50861304819385267
 1 -0.98853430967846634 0.45135800383967034 -0.60128187101831343 0.092917122819471301 -0.2184729476897172 -0.14160847424034204 0.039403492509400839 -0.26669268787875527
 1 0.2160757526169341 -1.0749927627401616 0.26627515648349653 -0.74336904703084006 0.31756139140189571 -0.59512924507911402 0.34583489772633408 -0.50896005054848481
 1 -1.3115006760680596 1.4228059510965834 -1.5481209360546033 1.4933962499601998 -1.5159076657462875 1.3886547806095395 -1.3683066393316843 1.2241435265580698
 1 0.40377673562461114 -1.0150103852636858 0.27337851052319823 -0.74197654683414216 0.31774198209430932 -0.59509836110284786 0.34583911486003283 -0.50895937678074088
 1 0.92937530517189404 -0.41980793228517077 0.51096836772641629 -0.58862381282164 0.3826157346056287 -0.55903000351862286 0.36183235676005948 -0.50066480079617437


# name: X_poly_test
# type: matrix
# rows: 21
# columns: 9
 1 -0.94220394006417318 0.33149913504800882 -0.50128941658074166 -0.033073542945115102 -0.11950564999641496 -0.24013304457239681 0.11556833231869464 -0.33419136929297349
 1 -1.0955245381238408 0.74684031700683162 -0.86457120801892651 0.44742866238584783 -0.51620815084798177 0.17545708225093737 -0.2229238310057774 -0.017757741454500885
 1 -1.5392101458845391 2.2506284870170656 -2.5201129573364938 3.2197714325366418 -3.4304177454503004 4.0835437559337029 -4.3183923307202097 4.931833624784498
 1 -0.034947118210831192 -1.0297084938865775 0.26143345232334669 -0.74255592277391413 0.31746899952719915 -0.59511544259534332 0.34583324955728439 -0.50895982030701503
 1 0.87926365452133315 -0.50370911064123602 0.46565794163209029 -0.62559047500497322 0.36380905132197577 -0.57115889343745585 0.35575668857679238 -0.50415463165664576
 1 -1.1758653859289181 0.98587430825770828 -1.093949508635635 0.77993180339645596 -0.81674511310171571 0.5197878740154287 -0.52932264503671855 0.29485372711582625
 1 -0.31557797545413752 -0.80905889885670235 0.2024112566436144 -0.71759818667246156 0.31063977786296942 -0.59267560733780711 0.34514027472766218 -0.50872995245101682
 1 1.2563303138699948 0.26810010755026964 0.98251154735325397 -0.095558777239069942 0.70710766471604125 -0.28593098689000102 0.54183055088376775 -0.36358784209869011
 1 0.61669373164452512 -0.84976527220780018 0.31607607554662659 -0.72482340847216964 0.32214922212359809 -0.59363128348030358 0.34622548785172697 -0.50884088054421783
 1 1.6451291858977952 1.4032548200027812 2.0593203154917985 1.458551425429975 2.1153974362374943 1.342480091692827 2.0135190952682263 1.1705668271214766
 1 0.13158108982625333 -1.0757848000805406 0.2661885666972133 -0.7433702108126008 0.31756131559485135 -0.59512924636631614 0.34583489766304792 -0.50896005054974636
 1 -0.25635199725220159 -0.87056934782934559 0.22303791375880277 -0.72805817006729534 0.31395078341208127 -0.59400553612837659 0.34555560028467996 -0.50887882273946161
 1 1.3062143444959333 0.39447747452156967 1.0857597037340478 0.031844904135562867 0.80511902415236491 -0.190369502043963 0.61418396521762431 -0.30078512514169653
 1 1.4787188678610128 0.8752223345850928 1.5184537240218996 0.62092875722282381 1.3058523810593476 0.34986232470254447 1.0674447969119583 0.13580662009466354
 1 0.23561034470648076 -1.0724938228445913 0.26637926866694156 -0.74336243258023527 0.31756165580687451 -0.59512923156640918 0.34583489826701552 -0.50896005052349302
 1 1.1582804632049102 0.036227866749800997 0.80557970638619081 -0.29959129875593699 0.56033806731827507 -0.41981606425347484 0.44693545769510173 -0.44073904781355633
 1 -0.62020938537265746 -0.36636306054427875 -0.0089630337345053754 -0.56244963102039758 0.23847336367220265 -0.54949418603063149 0.32480591329602954 -0.497621344086283
 1 -0.13103465377486453 -0.97436589259421447 0.25103220055654635 -0.73956955408844893 0.31692861688497526 -0.59499024543229539 0.34581051062215101 -0.50895504415985859
 1 -1.6971853644744743 2.8943700710211968 -3.3664609554103446 4.9012142550797506 -5.514036894991535 7.3575088192344458 -8.3151306699033753 10.527936110077437
 1 -1.0219850592440494 0.54093793320078687 -0.67863488917747128 0.19379291548927485 -0.30047938481843189 -0.057123875481726524 -0.028178883725508065 -0.20472156636188918
 1 0.487099047305737 -0.96264921701774198 0.28406862278291317 -0.73865616797792732 0.31838947410142604 -0.594937252256034 0.34587044503214365 -0.50895234948222035


# name: X_poly_val
# type: matrix
# rows: 21
# columns: 9
 1 -0.38916543112371332 -0.72149541195789868 0.16876063744983685 -0.69803715583308013 0.30354036722986089 -0.58940524540675054 0.34396872028551928 -0.50824812979347289
 1 -0.31677736786213634 -0.80773065349169892 0.20193698419388115 -0.71734245087219861 0.31055382163486123 -0.59263899708713519 0.34512816804129842 -0.50872536344307895
 1 1.3216077191892082 0.43462050763233173 1.1195137181170867 0.074705780950205622 0.83904444079726948 -0.15634159879356851 0.64068414089429448 -0.27712921989865708
 1 -1.3991485420275338 1.7274542598788658 -1.889634594251524 2.0716928420237029 -2.126476239950406 2.2057575572493691 -2.217555236483904 2.2361477864808821
 1 1.4036837902449348 0.65777606604953465 1.3152189781788135 0.33399364717743535 1.0532617984127404 0.0680139788703404 0.82319390154652083 -0.10688377372709673
 1 -1.188099253464632 1.0235637365550558 -1.1313873366290221 0.83609069486414278 -0.86925624042806859 0.58200736203214709 -0.58656289272923312 0.35521386834280194
 1 0.020471470537835885 -1.0520591643019668 0.26436362563655941 -0.74314065901445381 0.31754229631187114 -0.59512717123238257 0.34583471695928658 -0.50896003214004271
 1 1.0552208325739874 -0.18387239061525051 0.65386682888359737 -0.45767038439239616 0.45756418378341912 -0.50457051234395645 0.39261436738775901 -0.48068484351805907
 1 -1.2585686418954969 1.2473035113996098 -1.3604798242304854 1.1904018824458023 -1.2108998589873963 0.99954288152724191 -0.98284346443070547 0.78641005832827005
 1 1.0165237309059583 -0.26026494504645969 0.60523414780188423 -0.50443220500535857 0.42953252969915956 -0.52586746333225054 0.38004957966972308 -0.489183210794782
 1 -0.86850148432748875 0.15090894707967742 -0.35856155512051052 -0.2034882424902105 0.0073754400773008476 -0.35988849468738376 0.20336124975058339 -0.40799243988982692
 1 1.0811894382545337 -0.13069368173184273 0.68898157491415979 -0.42265286948840308 0.47933292406362038 -0.48742103890263927 0.40310485050141182 -0.47332885453189988
 1 0.060790945674939277 -1.0639213500902738 0.26549801867117456 -0.74330578238188227 0.31755739346658513 -0.59512893322516991 0.34583487774161792 -0.50896004906795145
 1 0.10903437551999685 -1.0732458423702227 0.26609478199290348 -0.74336489316659071 0.31756112476374537 -0.59512923756602087 0.34583489734393014 -0.50896005053633053
 1 -1.1892189950543357 1.0270304147729412 -1.1348478587757331 0.84130724735132667 -0.87415794941199576 0.58784383934194651 -0.59195863403899251 0.36093157895060723
 1 -1.49937306513408 2.0972744761567244 -2.3297619149813915 2.8629513148133241 -3.0134662843373494 3.4661231772803291 -3.608497797725752 3.9962181894745386
 1 -0.41136630032929133 -0.69265464263843846 0.15667885641455892 -0.69039310115985386 0.30052532478408023 -0.58789809288964789 0.34338369752675985 -0.50798780607259941
 1 0.28946414617753496 -1.0611007262850785 0.26717820897033845 -0.74327564410342217 0.31756766821080212 -0.59512869307746774 0.34583493636683232 -0.50896004738752043
 1 0.40617885863465786 -1.0137223625220089 0.27360119397572208 -0.7419184075129962 0.31775144398025323 -0.59509640978262823 0.34583942730977396 -0.50895931943432593
 1 1.7142940259170798 1.6412878956858508 2.3234988452865006 1.9013920322753588 2.5781993582550489 1.955476514151951 2.6440311764949578 1.9140568764112353
 1 0.65737055021240964 -0.806440701582266 0.33096378993200293 -0.71709287950715539 0.324652939135462 -0.59260309548043921 0.3465535285016505 -0.50872084136673645


# name: Xtest
# type: matrix
# rows: 21
# columns: 1
 -33.318003990618394
 -37.912164028316212
 -51.206937948273165
 -6.1325958482286245
 21.261183273898428
 -40.319529490308526
 -14.541531672952836
 32.559760241708588
 13.393432547328858
 44.209885946781668
 -1.1426776754879553
 -12.766860652278851
 34.054505389596635
 39.223500277403794
 1.9744967392389405
 29.621755098704469
 -23.669629706659677
 -9.0118013926614413
 -55.940570906775022
 -35.708597519064931
 9.5102053265765534


# name: Xval
# type: matrix
# rows: 21
# columns: 1
 -16.746535778020689
 -14.577470749241868
 34.515758657299322
 -47.010075743200758
 36.975119046362785
 -40.686110015367476
 -4.4720109757664561
 26.533634894788861
 -42.797683100179555
 25.374099383527664
 -31.109553977307751
 27.311768635213411
 -3.2638620136567207
 -1.8182764871158748
 -40.719662402516157
 -50.013243645495429
 -17.411771548016379
 3.5881936966441286
 7.0854802619706732
 46.28236901853893
 14.612289091656539


# name: ans
# type: scalar
-1.1106379105220056e+28


# name: er
# type: matrix
# rows: 2
# columns: 1
 25
 25


# name: er1
# type: matrix
# rows: 2
# columns: 1
 4
 5


# name: error_train
# type: matrix
# rows: 12
# columns: 1
 133.83712174752529
 133.05779086960791
 40.508510276052284
 43.152144192927452
 2.2075991559305699
 5.0101734867006567
 1.2582434422250988
 0.74730463811232473
 0.33509803529396365
 0.17822664933502402
 0.16713044892113404
 0.14666503732833078


# name: error_val
# type: matrix
# rows: 12
# columns: 1
 162.40155482884043
 166.61552456794499
 75.613910271215758
 14.333896814702568
 47.459744052251054
 46.335075465599097
 50.398174782654493
 71.926714985341931
 33.685894094238492
 36.79003226602191
 143.59743489391394
 19.672637428076122


# name: ex1data1
# type: matrix
# rows: 97
# columns: 2
 6.1101000000000001 17.591999999999999
 5.5277000000000003 9.1302000000000003
 8.5185999999999993 13.662000000000001
 7.0031999999999996 11.853999999999999
 5.8597999999999999 6.8232999999999997
 8.3828999999999994 11.885999999999999
 7.4763999999999999 4.3483000000000001
 8.5780999999999992 12
 6.4862000000000002 6.5987
 5.0545999999999998 3.8166000000000002
 5.7107000000000001 3.2522000000000002
 14.164 15.505000000000001
 5.734 3.1551
 8.4084000000000003 7.2257999999999996
 5.6406999999999998 0.71618000000000004
 5.3794000000000004 3.5129000000000001
 6.3654000000000002 5.3048000000000002
 5.1300999999999997 0.56076999999999999
 6.4295999999999998 3.6518000000000002
 7.0708000000000002 5.3893000000000004
 6.1890999999999998 3.1385999999999998
 20.27 21.766999999999999
 5.4901 4.2629999999999999
 6.3261000000000003 5.1875
 5.5648999999999997 3.0825
 18.945 22.638000000000002
 12.827999999999999 13.500999999999999
 10.957000000000001 7.0467000000000004
 13.176 14.692
 22.202999999999999 24.146999999999998
 5.2523999999999997 -1.22
 6.5894000000000004 5.9965999999999999
 9.2482000000000006 12.134
 5.8917999999999999 1.8494999999999999
 8.2111000000000001 6.5426000000000002
 7.9333999999999998 4.5622999999999996
 8.0959000000000003 4.1163999999999996
 5.6063000000000001 3.3927999999999998
 12.836 10.117000000000001
 6.3533999999999997 5.4973999999999998
 5.4069000000000003 0.55657000000000001
 6.8825000000000003 3.9115000000000002
 11.708 5.3853999999999997
 5.7736999999999998 2.4405999999999999
 7.8247 6.7317999999999998
 7.0930999999999997 1.0463
 5.0701999999999998 5.1337000000000002
 5.8014000000000001 1.8440000000000001
 11.699999999999999 8.0043000000000006
 5.5415999999999999 1.0179
 7.5401999999999996 6.7504
 5.3076999999999996 1.8395999999999999
 7.4238999999999997 4.2885
 7.6031000000000004 4.9981
 6.3327999999999998 1.4233
 6.3589000000000002 -1.4211
 6.2742000000000004 2.4756
 5.6397000000000004 4.6041999999999996
 9.3102 3.9624000000000001
 9.4535999999999998 5.4141000000000004
 8.8254000000000001 5.1694000000000004
 5.1792999999999996 -0.74278999999999995
 21.279 17.928999999999998
 14.907999999999999 12.054
 18.959 17.053999999999998
 7.2182000000000004 4.8852000000000002
 8.2950999999999997 5.7442000000000002
 10.236000000000001 7.7754000000000003
 5.4993999999999996 1.0173000000000001
 20.341000000000001 20.992000000000001
 10.135999999999999 6.6798999999999999
 7.3345000000000002 4.0259
 6.0061999999999998 1.2784
 7.2259000000000002 3.3411
 5.0269000000000004 -2.6806999999999999
 6.5479000000000003 0.29677999999999999
 7.5385999999999997 3.8845000000000001
 5.0365000000000002 5.7013999999999996
 10.273999999999999 6.7526000000000002
 5.1077000000000004 2.0575999999999999
 5.7291999999999996 0.47953000000000001
 5.1883999999999997 0.20421
 6.3556999999999997 0.67861000000000005
 9.7687000000000008 7.5434999999999999
 6.5159000000000002 5.3436000000000003
 8.5172000000000008 4.2415000000000003
 9.1801999999999992 6.7980999999999998
 6.0019999999999998 0.92695000000000005
 5.5204000000000004 0.152
 5.0594000000000001 2.8214000000000001
 5.7077 1.8451
 7.6365999999999996 4.2958999999999996
 5.8707000000000003 7.2028999999999996
 5.3053999999999997 1.9869000000000001
 8.2934000000000001 0.14454
 13.394 9.0550999999999995
 5.4368999999999996 0.61704999999999999


# name: ex1data2
# type: matrix
# rows: 47
# columns: 3
 2104 3 399900
 1600 3 329900
 2400 3 369000
 1416 2 232000
 3000 4 539900
 1985 4 299900
 1534 3 314900
 1427 3 198999
 1380 3 212000
 1494 3 242500
 1940 4 239999
 2000 3 347000
 1890 3 329999
 4478 5 699900
 1268 3 259900
 2300 4 449900
 1320 2 299900
 1236 3 199900
 2609 4 499998
 3031 4 599000
 1767 3 252900
 1888 2 255000
 1604 3 242900
 1962 4 259900
 3890 3 573900
 1100 3 249900
 1458 3 464500
 2526 3 469000
 2200 3 475000
 2637 3 299900
 1839 2 349900
 1000 1 169900
 2040 4 314900
 3137 3 579900
 1811 4 285900
 1437 3 249900
 1239 3 229900
 2132 4 345000
 4215 4 549000
 2162 4 287000
 1664 2 368500
 2238 3 329900
 2567 4 314000
 1200 3 299000
 852 2 179900
 1852 4 299900
 1203 3 239500


# name: free
# type: matrix
# rows: 2
# columns: 1
 4
 5


# name: grad
# type: matrix
# rows: 2
# columns: 1
 -15.303015674201184
 598.25074417270355


# name: i
# type: scalar
12


# name: lambda
# type: scalar
0


# name: m
# type: scalar
12


# name: mu
# type: matrix
# rows: 1
# columns: 8
 -5.085426348834809 848.90483368192019 -12829.017310853851 1289677.8857320489 -29831459.159614608 2293303013.7889485 -68452728425.890816 4422337592290.9619


# name: one
# type: scalar
-1.1106379105220056e+28


# name: p
# type: scalar
8


# name: sigma
# type: matrix
# rows: 1
# columns: 8
 29.964402016680882 787.88910323738048 48189.617840286206 1734904.3075558976 93939204.01041685 3853453725.4976001 197934704929.75415 8688967999573.4971


# name: theta
# type: matrix
# rows: 9
# columns: 1
 11.217590572848017
 11.191930466467999
 14.217709723016478
 11.912586225632085
 -11.423484078623087
 -15.668538869682118
 7.8524895430773372
 3.6520063802064309
 -5.9105633394140362


# name: theta2
# type: matrix
# rows: 3
# columns: 1
 1
 0.5
 2


# name: thetanormal
# type: scalar
1


# name: three
# type: scalar
-1.1106379105220056e+28


# name: two
# type: matrix
# rows: 9
# columns: 1
 394846334.36910272
 727354692476032.12
 1.3398756525121122e+21
 2.4682136277744231e+27
 4.5467491710215296e+33
 8.3756639990784201e+39
 1.5428989985321132e+46
 2.8422072804416795e+52
 5.2356908862350017e+58


# name: y
# type: matrix
# rows: 12
# columns: 1
 2.1343105067296686
 1.1732566787564553
 34.359109180538951
 36.837955163712351
 2.8089650744798562
 2.121072476666392
 14.710268306562307
 2.6141843864322589
 3.7401716656949393
 3.7316913105430669
 7.6276588520380351
 22.752428302242212


# name: ytest
# type: matrix
# rows: 21
# columns: 1
 3.3168895317563605
 5.3976895202161543
 0.13042983745201431
 6.1925982023838726
 17.088487115476173
 0.79950804671017206
 2.8247918343783511
 28.621233335545469
 17.046390806327768
 55.384373342207859
 4.0793673331280509
 8.2703979345830323
 31.323551019505633
 39.159061032927603
 8.0872798935521644
 24.111343893537502
 2.4773548027587968
 6.5660647193030375
 6.0380888015720355
 4.6927395585924989
 10.830046063205728


# name: yval
# type: matrix
# rows: 21
# columns: 1
 4.1702020088506266
 4.0672628038389727
 31.873067575789328
 10.623656189695145
 31.836021281338372
 4.9593697209971106
 4.4515988034703522
 22.27631845748984
 -4.3873827391571751e-05
 20.503801579308035
 3.8583447626973317
 19.365052915607581
 4.8837628054530544
 11.097158848382119
 7.4617082661540053
 1.4769346422983864
 2.7191638776470382
 10.92690065536873
 8.3487123463011077
 52.781927979043786
 13.357339606074687


